0,0.8453,0.078612
0.1,0.88917,0.07629
0.2,0.8612,0.073934
0.3,0.88375,0.071609
0.4,0.89063,0.069323
0.5,0.872,0.067028
0.6,0.87755,0.064893
0.7,0.89528,0.062672
0.8,0.8772,0.06049
0.9,0.85955,0.058389
1,0.8913,0.056299
1.1,0.88545,0.054236
1.2,0.89407,0.052189
1.3,0.85955,0.050224
1.4,0.85412,0.048311
1.5,0.94062,0.046432
1.6,0.9127,0.044489
1.7,0.8943,0.042717
1.8,0.92945,0.040936
1.9,0.91255,0.039215
2,0.90432,0.037515
2.1,0.896,0.035859
2.2,0.92037,0.034249
2.3,0.91912,0.03267
2.4,0.93827,0.031143
2.5,0.96645,0.02966
2.6,0.97218,0.028194
2.7,0.95362,0.026808
2.8,1.0476,0.025463
2.9,0.97067,0.02415
3,1.0045,0.022853
3.1,1.0188,0.021691
3.2,1.0132,0.020454
3.3,0.99445,0.019296
3.4,1.0589,0.018145
3.5,1.0101,0.017006
3.6,0.99437,0.015788
3.7,1.0076,0.014469
3.8,0.98908,0.013012
3.9,0.96563,0.011419
4,0.94135,0.0096006
4.1,0.85728,0.0077018
4.2,0.75795,0.005888
4.3,0.66485,0.0042632
4.4,0.67175,0.0028554
4.5,0.79517,0.0017639
4.6,1.0549,0.0010421
4.7,1.4952,0.00055087
4.8,2.0675,0.00026969
4.9,2.7064,0.00012175
5,3.2079,5.7714e-05
5.1,3.7106,2.3812e-05
5.2,4.1482,7.0147e-06
5.3,4.3739,2.0901e-06
5.4,4.4337,1.4959e-06
5.5,4.4868,2.0137e-07
5.6,4.5,0
5.7,4.5,0
5.8,4.5,0
5.9,4.5,0
6,4.5,0
6.1,4.5,0
6.2,4.5,0
6.3,4.5,0
6.4,4.5,0
6.5,4.5,0
6.6,4.5,0
6.7,4.5,0
6.8,4.5,0
6.9,4.5,0
7,4.5,0
7.1,4.5,0
7.2,4.5,0
7.3,4.5,0
7.4,4.5,0
7.5,4.5,0
7.6,4.5,0
7.7,4.5,0
7.8,4.5,0
7.9,4.5,0
8,4.5,0
8.1,4.5,0
8.2,4.5,0
8.3,4.5,0
8.4,4.5,0
8.5,4.5,0
8.6,4.5,0
8.7,4.5,0
8.8,4.5,0
8.9,4.5,0
9,4.5,0
9.1,4.5,0
9.2,4.5,0
9.3,4.5,0
9.4,4.5,0
9.5,4.5,0
9.6,4.5,0
9.7,4.5,0
9.8,4.5,0
9.9,4.5,0
10,4.5,0
10.1,4.5,0
10.2,4.5,0
10.3,4.5,0
10.4,4.5,0
10.5,4.5,0
10.6,4.5,0
10.7,4.5,0
10.8,4.5,0
10.9,4.5,0
11,4.5,0
11.1,4.5,0
11.2,4.5,0
11.3,4.5,0
11.4,4.5,0
11.5,4.5,0
11.6,4.5,0
11.7,4.5,0
11.8,4.5,0
11.9,4.5,0
12,4.5,0
12.1,4.5,0
12.2,4.5,0
12.3,4.5,0
12.4,4.5,0
12.5,4.5,0
12.6,4.5,0
12.7,4.5,0
12.8,4.5,0
12.9,4.5,0
13,4.5,0
13.1,4.5,0
13.2,4.5,0
13.3,4.5,0
13.4,4.5,0
13.5,4.5,0
13.6,4.5,0
13.7,4.5,0
13.8,4.5,0
13.9,4.5,0
14,4.5,0
14.1,4.5,0
14.2,4.5,0
14.3,4.5,0
14.4,4.5,0
14.5,4.5,0
14.6,4.5,0
14.7,4.5,0
14.8,4.5,0
14.9,4.5,0
15,4.5,0
15.1,4.5,0
15.2,4.5,0
15.3,4.5,0
15.4,4.5,0
15.5,4.5,0
15.6,4.5,0
15.7,4.5,0
15.8,4.5,0
15.9,4.5,0
16,4.5,0
16.1,4.5,0
16.2,4.5,0
16.3,4.5,0
16.4,4.5,0
16.5,4.5,0
16.6,4.5,0
16.7,4.5,0
16.8,4.5,0
16.9,4.5,0
17,4.5,0
17.1,4.5,0
17.2,4.5,0
17.3,4.5,0
17.4,4.5,0
17.5,4.5,0
17.6,4.5,0
17.7,4.5,0
17.8,4.5,0
17.9,4.5,0
18,4.5,0
18.1,4.5,0
18.2,4.5,0
18.3,4.5,0
18.4,4.5,0
18.5,4.5,0
18.6,4.5,0
18.7,4.5,0
18.8,4.5,0
18.9,4.5,0
19,4.5,0
19.1,4.5,0
19.2,4.5,0
19.3,4.5,0
19.4,4.5,0
19.5,4.5,0
19.6,4.5,0
19.7,4.5,0
19.8,4.5,0
19.9,4.5,0
20,4.5,0
20.1,4.5,0
20.2,4.5,0
20.3,4.5,0
20.4,4.5,0
20.5,4.5,0
20.6,4.5,0
20.7,4.5,0
20.8,4.5,0
20.9,4.5,0
21,4.5,0
21.1,4.5,0
21.2,4.5,0
21.3,4.5,0
21.4,4.5,0
21.5,4.5,0
21.6,4.5,0
21.7,4.5,0
21.8,4.5,0
21.9,4.5,0
22,4.5,0
22.1,4.5,0
22.2,4.5,0
22.3,4.5,0
22.4,4.5,0
22.5,4.5,0
22.6,4.5,0
22.7,4.5,0
22.8,4.5,0
22.9,4.5,0
23,4.5,0
23.1,4.5,0
23.2,4.5,0
23.3,4.5,0
23.4,4.5,0
23.5,4.5,0
23.6,4.5,0
23.7,4.5,0
23.8,4.5,0
23.9,4.5,0
24,4.5,0
24.1,4.5,0
24.2,4.5,0
24.3,4.5,0
24.4,4.5,0
24.5,4.5,0
24.6,4.5,0
24.7,4.5,0
24.8,4.5,0
24.9,4.5,0
25,4.5,0
25.1,4.5,0
25.2,4.5,0
25.3,4.5,0
25.4,4.5,0
25.5,4.5,0
25.6,4.5,0
25.7,4.5,0
25.8,4.5,0
25.9,4.5,0
26,4.5,0
26.1,4.5,0
26.2,4.5,0
26.3,4.5,0
26.4,4.5,0
26.5,4.5,0
26.6,4.5,0
26.7,4.5,0
26.8,4.5,0
26.9,4.5,0
27,4.5,0
27.1,4.5,0
27.2,4.5,0
27.3,4.5,0
27.4,4.5,0
27.5,4.5,0
27.6,4.5,0
27.7,4.5,0
27.8,4.5,0
27.9,4.5,0
28,4.5,0
28.1,4.5,0
28.2,4.5,0
28.3,4.5,0
28.4,4.5,0
28.5,4.5,0
28.6,4.5,0
28.7,4.5,0
28.8,4.5,0
28.9,4.5,0
29,4.5,0
29.1,4.5,0
29.2,4.5,0
29.3,4.5,0
29.4,4.5,0
29.5,4.5,0
29.6,4.5,0
29.7,4.5,0
29.8,4.5,0
29.9,4.5,0
30,4.5,0