0,0.9909,0.15863
0.1,0.948,0.15588
0.2,0.88207,0.15308
0.3,0.9409,0.15042
0.4,0.90413,0.14754
0.5,0.89352,0.14476
0.6,0.87735,0.14193
0.7,0.91325,0.1392
0.8,0.9733,0.13643
0.9,0.85255,0.13365
1,0.84335,0.13091
1.1,0.8958,0.1282
1.2,0.88663,0.12541
1.3,0.9547,0.12278
1.4,0.9072,0.12001
1.5,0.89618,0.11734
1.6,0.85177,0.11465
1.7,0.82995,0.11191
1.8,0.92302,0.10929
1.9,0.85527,0.10663
2,0.78725,0.10403
2.1,0.8491,0.10145
2.2,0.88977,0.098835
2.3,0.9041,0.096214
2.4,0.87522,0.093721
2.5,0.87845,0.091166
2.6,0.84475,0.088686
2.7,0.868,0.086155
2.8,0.91138,0.083684
2.9,0.82712,0.081289
3,0.83855,0.078882
3.1,0.88718,0.076486
3.2,0.91465,0.074152
3.3,0.89552,0.071851
3.4,0.88445,0.069546
3.5,0.90903,0.067298
3.6,0.87532,0.065021
3.7,0.90812,0.062896
3.8,0.87385,0.060719
3.9,0.8633,0.058576
4,0.89055,0.056491
4.1,0.86307,0.054502
4.2,0.89033,0.052445
4.3,0.86907,0.050382
4.4,0.95385,0.048502
4.5,0.87968,0.046614
4.6,0.87477,0.044732
4.7,0.9145,0.042908
4.8,0.89635,0.041177
4.9,0.94075,0.039394
5,0.94788,0.037721
5.1,0.87523,0.036032
5.2,0.92037,0.034393
5.3,0.99617,0.032846
5.4,0.99088,0.031302
5.5,0.9773,0.029765
5.6,1.0055,0.028386
5.7,0.91365,0.026941
5.8,1.0124,0.025604
5.9,0.96937,0.024271
6,1.0957,0.023027
6.1,0.96625,0.021759
6.2,0.97465,0.02057
6.3,1.0147,0.019446
6.4,1.0655,0.018353
6.5,1.0925,0.017276
6.6,1.0165,0.016239
6.7,0.9948,0.015293
6.8,0.9953,0.014339
6.9,1.0131,0.013426
7,1.0131,0.0126
7.1,1.0114,0.011777
7.2,1.0226,0.010974
7.3,1.0364,0.010231
7.4,1.0286,0.0095287
7.5,1.0406,0.0088702
7.6,1.038,0.0082244
7.7,1.0506,0.007632
7.8,1.0551,0.0070457
7.9,1.0626,0.0065051
8,1.0641,0.0060229
8.1,1.066,0.0055207
8.2,1.0702,0.005085
8.3,1.0733,0.0046479
8.4,1.0856,0.0042581
8.5,1.0879,0.003897
8.6,1.0823,0.0035493
8.7,1.0892,0.0032443
8.8,1.0925,0.0029492
8.9,1.0947,0.0026678
9,1.1011,0.0024219
9.1,1.1026,0.0021799
9.2,1.117,0.0019656
9.3,1.1242,0.0017639
9.4,1.1357,0.0015862
9.5,1.1449,0.0014217
9.6,1.1572,0.0012644
9.7,1.1694,0.0011324
9.8,1.1984,0.00099479
9.9,1.2021,0.00088603
10,1.2608,0.00078108
10.1,1.2591,0.00068895
10.2,1.3236,0.00060432
10.3,1.375,0.00053349
10.4,1.4375,0.00046515
10.5,1.5105,0.00040404
10.6,1.5687,0.00035128
10.7,1.629,0.0003069
10.8,1.698,0.00025877
10.9,1.7499,0.0002268
11,1.887,0.00019464
11.1,1.96,0.00016275
11.2,2.058,0.00014129
11.3,2.1779,0.00012145
11.4,2.3075,0.00010312
11.5,2.4248,8.6331e-05
11.6,2.5473,7.096e-05
11.7,2.603,6.1145e-05
11.8,2.763,4.8847e-05
11.9,2.8573,4.0514e-05
12,2.9878,3.5394e-05
12.1,3.1095,2.8369e-05
12.2,3.2618,2.3037e-05
12.3,3.3948,1.8703e-05
12.4,3.4858,1.4299e-05
12.5,3.6184,1.2432e-05
12.6,3.6748,9.7318e-06
12.7,3.7844,8.0303e-06
12.8,3.8819,6.2725e-06
12.9,3.8649,5.2493e-06
13,3.9949,4.0797e-06
13.1,4.1359,2.9124e-06
13.2,4.1098,2.4021e-06
13.3,4.2071,1.7448e-06
13.4,4.2786,1.2684e-06
13.5,4.2646,1.1513e-06
13.6,4.3506,8.9498e-07
13.7,4.4091,5.414e-07
13.8,4.3804,5.3008e-07
13.9,4.4228,3.2333e-07
14,4.4657,2.7755e-07
14.1,4.4397,2.1915e-07
14.2,4.4809,2.056e-07
14.3,4.4998,1.1514e-07
14.4,4.4876,3.3753e-08
14.5,4.4986,4.6467e-08
14.6,4.4895,5.81e-08
14.7,4.5,3.5446e-08
14.8,4.4877,1.0976e-08
14.9,4.5,1.18e-08
15,4.5,0
15.1,4.5,1.18e-08
15.2,4.5,0
15.3,4.5,0
15.4,4.5,0
15.5,4.5,0
15.6,4.5,0
15.7,4.5,0
15.8,4.5,0
15.9,4.5,0
16,4.5,0
16.1,4.5,0
16.2,4.5,0
16.3,4.5,0
16.4,4.5,0
16.5,4.5,0
16.6,4.5,0
16.7,4.5,0
16.8,4.5,0
16.9,4.5,0
17,4.5,0
17.1,4.5,0
17.2,4.5,0
17.3,4.5,0
17.4,4.5,0
17.5,4.5,0
17.6,4.5,0
17.7,4.5,0
17.8,4.5,0
17.9,4.5,0
18,4.5,0
18.1,4.5,0
18.2,4.5,0
18.3,4.5,0
18.4,4.5,0
18.5,4.5,0
18.6,4.5,0
18.7,4.5,0
18.8,4.5,0
18.9,4.5,0
19,4.5,0
19.1,4.5,0
19.2,4.5,0
19.3,4.5,0
19.4,4.5,0
19.5,4.5,0
19.6,4.5,0
19.7,4.5,0
19.8,4.5,0
19.9,4.5,0
20,4.5,0
20.1,4.5,0
20.2,4.5,0
20.3,4.5,0
20.4,4.5,0
20.5,4.5,0
20.6,4.5,0
20.7,4.5,0
20.8,4.5,0
20.9,4.5,0
21,4.5,0
21.1,4.5,0
21.2,4.5,0
21.3,4.5,0
21.4,4.5,0
21.5,4.5,0
21.6,4.5,0
21.7,4.5,0
21.8,4.5,0
21.9,4.5,0
22,4.5,0
22.1,4.5,0
22.2,4.5,0
22.3,4.5,0
22.4,4.5,0
22.5,4.5,0
22.6,4.5,0
22.7,4.5,0
22.8,4.5,0
22.9,4.5,0
23,4.5,0
23.1,4.5,0
23.2,4.5,0
23.3,4.5,0
23.4,4.5,0
23.5,4.5,0
23.6,4.5,0
23.7,4.5,0
23.8,4.5,0
23.9,4.5,0
24,4.5,0
24.1,4.5,0
24.2,4.5,0
24.3,4.5,0
24.4,4.5,0
24.5,4.5,0
24.6,4.5,0
24.7,4.5,0
24.8,4.5,0
24.9,4.5,0
25,4.5,0
25.1,4.5,0
25.2,4.5,0
25.3,4.5,0
25.4,4.5,0
25.5,4.5,0
25.6,4.5,0
25.7,4.5,0
25.8,4.5,0
25.9,4.5,0
26,4.5,0
26.1,4.5,0
26.2,4.5,0
26.3,4.5,0
26.4,4.5,0
26.5,4.5,0
26.6,4.5,0
26.7,4.5,0
26.8,4.5,0
26.9,4.5,0
27,4.5,0
27.1,4.5,0
27.2,4.5,0
27.3,4.5,0
27.4,4.5,0
27.5,4.5,0
27.6,4.5,0
27.7,4.5,0
27.8,4.5,0
27.9,4.5,0
28,4.5,0
28.1,4.5,0
28.2,4.5,0
28.3,4.5,0
28.4,4.5,0
28.5,4.5,0
28.6,4.5,0
28.7,4.5,0
28.8,4.5,0
28.9,4.5,0
29,4.5,0
29.1,4.5,0
29.2,4.5,0
29.3,4.5,0
29.4,4.5,0
29.5,4.5,0
29.6,4.5,0
29.7,4.5,0
29.8,4.5,0
29.9,4.5,0
30,4.5,0
